0 74
1 74
2 97
3 97
4 65
5 65
6 36
7 36
8 78
9 78
10 78
11 78
12 78
13 78
14 78
15 78
16 78
17 57
18 57
19 57
20 57
21 57
22 57
23 57
24 57
25 50
26 50
27 52
28 52
29 84
30 84
31 39
32 39
33 81
34 81
35 47
36 47
37 54
38 54
39 54
40 54
41 54
42 54
43 54
44 54
45 31
46 31
47 31
48 31
49 31
50 31
51 92
52 92
53 24
54 24
55 80
56 80
57 37
58 37
59 37
60 37
61 37
62 37
63 37
64 32
65 32
66 95
67 95
68 88
69 88
70 64
71 64
72 35
73 35
74 19
75 19
76 98
77 98
78 2
79 2
80 96
81 96
82 17
83 17
84 28
85 28
86 11
87 11
88 90
89 90
90 85
91 85
92 6
93 6
94 51
95 51
96 14
97 14
98 93
99 93
100 93
101 93
102 93
103 93
104 93
105 93
106 45
107 45
108 41
109 41
110 23
111 23
112 34
113 34
114 68
115 68
116 70
117 70
118 33
119 33
120 67
121 67
122 67
123 67
124 67
125 67
126 67
127 67
128 67
129 49
130 49
131 12
132 91
133 91
134 83
135 83
136 83
137 4
138 4
139 26
140 26
141 100
142 100
143 100
144 100
145 100
146 100
147 100
148 100
149 100
150 21
151 21
152 69
153 69
154 43
155 43
156 53
157 53
158 75
159 75
160 13
161 13
162 94
163 94
164 15
165 15
166 20
167 20
168 99
169 99
170 99
171 99
172 25
173 25
174 25
175 25
176 25
177 25
178 25
179 25
180 25
181 25
182 10
183 10
184 89
185 89
186 55
187 55
188 61
189 61
190 3
191 3
192 82
193 82
194 56
195 56
196 60
197 60
198 60
199 60
200 60
201 60
202 46
203 46
204 46
205 46
206 46
207 46
208 46
209 46
210 46
211 48
212 48
213 7
214 7
215 86
216 86
217 44
218 44
219 63
220 63
221 27
222 27
223 40
224 40
225 5
226 5
227 29
228 29
229 22
230 22
231 77
232 77
233 18
234 18
235 18
236 18
237 18
238 18
239 18
240 18
241 16
242 16
243 62
244 62
245 62
246 62
247 62
248 62
249 79
250 79
251 76
252 76
253 71
254 71
255 87
256 87
257 8
258 8
259 73
260 73
261 73
262 73
263 73
264 73
265 73
266 58
267 58
268 66
269 66
270 59
271 59
272 59
273 59
274 59
275 59
276 1
277 1
278 9
279 9
280 42
281 42
282 72
283 72
284 38
285 38
