0 79
1 79
2 79
3 79
4 79
5 79
6 79
7 79
8 79
9 79
10 59
11 59
12 59
13 59
14 59
15 59
16 31
17 31
18 31
19 31
20 31
21 31
22 77
23 77
24 77
25 77
26 77
27 77
28 77
29 77
30 77
31 77
32 25
33 25
34 25
35 25
36 25
37 25
38 25
39 25
40 25
41 25
42 72
43 72
44 72
45 72
46 72
47 72
48 72
49 72
50 72
51 72
52 2
53 2
54 2
55 2
56 2
57 2
58 2
59 2
60 2
61 2
62 99
63 99
64 99
65 99
66 21
67 21
68 21
69 21
70 21
71 21
72 21
73 21
74 21
75 21
76 68
77 68
78 68
79 68
80 68
81 68
82 68
83 68
84 68
85 68
86 8
87 8
88 8
89 8
90 8
91 8
92 8
93 8
94 8
95 8
96 66
97 66
98 66
99 66
100 66
101 66
102 66
103 66
104 66
105 66
106 19
107 19
108 19
109 19
110 19
111 19
112 19
113 19
114 19
115 19
116 90
117 90
118 90
119 90
120 90
121 90
122 90
123 90
124 90
125 90
126 43
127 43
128 43
129 43
130 43
131 43
132 43
133 43
134 43
135 43
136 69
137 69
138 69
139 69
140 69
141 69
142 69
143 69
144 69
145 69
146 10
147 10
148 10
149 10
150 10
151 10
152 10
153 10
154 10
155 10
156 20
157 20
158 20
159 20
160 20
161 20
162 20
163 20
164 20
165 20
166 67
167 67
168 67
169 67
170 67
171 67
172 67
173 67
174 67
175 76
176 76
177 76
178 76
179 76
180 76
181 76
182 76
183 76
184 76
185 29
186 29
187 29
188 29
189 29
190 29
191 29
192 29
193 29
194 29
195 26
196 26
197 26
198 26
199 26
200 26
201 26
202 26
203 26
204 26
205 51
206 51
207 51
208 51
209 51
210 51
211 51
212 51
213 51
214 51
215 23
216 23
217 23
218 23
219 23
220 23
221 23
222 23
223 23
224 23
225 13
226 13
227 13
228 13
229 13
230 13
231 13
232 13
233 13
234 13
235 87
236 87
237 87
238 87
239 87
240 87
241 87
242 87
243 87
244 87
245 41
246 41
247 41
248 41
249 41
250 41
251 41
252 41
253 41
254 41
255 53
256 53
257 53
258 53
259 53
260 53
261 53
262 53
263 53
264 53
265 100
266 100
267 100
268 100
269 100
270 100
271 100
272 100
273 100
274 3
275 3
276 3
277 3
278 3
279 3
280 3
281 3
282 3
283 3
284 83
285 83
286 83
287 14
288 14
289 14
290 14
291 14
292 14
293 14
294 14
295 14
296 14
297 75
298 75
299 75
300 75
301 75
302 75
303 75
304 75
305 75
306 75
307 28
308 28
309 28
310 28
311 28
312 28
313 28
314 28
315 28
316 28
317 5
318 5
319 5
320 5
321 5
322 5
323 5
324 5
325 5
326 5
327 17
328 17
329 17
330 17
331 17
332 17
333 17
334 17
335 17
336 17
337 16
338 16
339 16
340 16
341 16
342 16
343 16
344 16
345 16
346 16
347 85
348 85
349 85
350 85
351 85
352 85
353 85
354 85
355 85
356 85
357 11
358 11
359 11
360 11
361 11
362 11
363 11
364 11
365 11
366 11
367 58
368 58
369 58
370 58
371 58
372 58
373 58
374 58
375 58
376 58
377 12
378 35
379 35
380 35
381 35
382 35
383 35
384 35
385 35
386 35
387 35
388 45
389 45
390 45
391 45
392 45
393 45
394 45
395 45
396 45
397 45
398 92
399 92
400 92
401 92
402 92
403 92
404 92
405 92
406 92
407 92
408 24
409 24
410 24
411 24
412 24
413 24
414 24
415 24
416 24
417 24
418 89
419 89
420 89
421 89
422 89
423 89
424 89
425 89
426 89
427 89
428 42
429 42
430 42
431 42
432 42
433 42
434 42
435 42
436 42
437 42
438 65
439 65
440 65
441 65
442 65
443 65
444 65
445 65
446 65
447 65
448 48
449 48
450 48
451 48
452 48
453 48
454 48
455 48
456 48
457 48
458 33
459 33
460 33
461 33
462 33
463 33
464 33
465 33
466 33
467 33
468 61
469 61
470 61
471 61
472 61
473 61
474 61
475 61
476 61
477 61
478 70
479 70
480 70
481 70
482 70
483 70
484 70
485 70
486 70
487 70
488 55
489 55
490 55
491 55
492 55
493 55
494 55
495 55
496 55
497 55
498 49
499 49
500 49
501 49
502 49
503 49
504 49
505 49
506 49
507 49
508 34
509 34
510 34
511 34
512 34
513 34
514 34
515 34
516 34
517 34
518 9
519 9
520 9
521 9
522 9
523 9
524 9
525 9
526 9
527 9
528 74
529 74
530 74
531 74
532 74
533 74
534 74
535 74
536 74
537 74
538 47
539 47
540 47
541 47
542 47
543 47
544 47
545 47
546 47
547 47
548 27
549 27
550 27
551 27
552 27
553 27
554 27
555 27
556 27
557 27
558 4
559 4
560 4
561 4
562 4
563 4
564 4
565 4
566 4
567 4
568 56
569 56
570 56
571 56
572 56
573 56
574 56
575 56
576 56
577 56
578 88
579 88
580 88
581 88
582 88
583 88
584 88
585 88
586 88
587 88
588 57
589 57
590 57
591 57
592 57
593 57
594 57
595 57
596 22
597 22
598 22
599 22
600 22
601 22
602 22
603 22
604 22
605 22
606 98
607 98
608 98
609 98
610 98
611 98
612 98
613 98
614 98
615 98
616 1
617 1
618 1
619 1
620 1
621 1
622 1
623 1
624 1
625 1
626 94
627 94
628 94
629 94
630 94
631 94
632 94
633 94
634 94
635 94
636 36
637 36
638 36
639 36
640 36
641 36
642 36
643 36
644 36
645 36
646 50
647 50
648 50
649 50
650 50
651 50
652 50
653 50
654 50
655 50
656 82
657 82
658 82
659 82
660 82
661 82
662 82
663 82
664 82
665 82
666 38
667 38
668 38
669 38
670 38
671 38
672 38
673 38
674 38
675 38
676 44
677 44
678 44
679 44
680 44
681 44
682 44
683 44
684 44
685 44
686 15
687 15
688 15
689 15
690 15
691 15
692 15
693 15
694 15
695 15
696 86
697 86
698 86
699 86
700 86
701 86
702 86
703 86
704 86
705 86
706 64
707 64
708 64
709 64
710 64
711 64
712 64
713 64
714 64
715 64
716 6
717 6
718 6
719 6
720 6
721 6
722 6
723 6
724 6
725 6
726 71
727 71
728 71
729 71
730 71
731 71
732 71
733 71
734 71
735 71
736 52
737 52
738 52
739 52
740 52
741 52
742 52
743 52
744 52
745 52
746 39
747 39
748 39
749 39
750 39
751 39
752 39
753 39
754 39
755 39
756 81
757 81
758 81
759 81
760 81
761 81
762 81
763 81
764 81
765 81
766 84
767 84
768 84
769 84
770 84
771 84
772 84
773 84
774 84
775 84
776 97
777 97
778 97
779 97
780 97
781 97
782 97
783 97
784 97
785 97
786 40
787 40
788 40
789 40
790 40
791 40
792 40
793 40
794 40
795 40
796 60
797 60
798 60
799 60
800 60
801 60
802 32
803 32
804 32
805 32
806 32
807 32
808 32
809 32
810 32
811 32
812 91
813 91
814 91
815 91
816 91
817 91
818 91
819 91
820 91
821 91
822 7
823 7
824 7
825 7
826 7
827 7
828 7
829 7
830 7
831 7
832 63
833 63
834 63
835 63
836 63
837 63
838 63
839 63
840 63
841 63
842 95
843 95
844 95
845 95
846 95
847 95
848 95
849 95
850 95
851 95
852 78
853 78
854 78
855 78
856 78
857 78
858 78
859 78
860 78
861 73
862 73
863 73
864 73
865 73
866 73
867 73
868 18
869 18
870 18
871 18
872 18
873 18
874 18
875 18
876 96
877 96
878 96
879 96
880 96
881 96
882 96
883 96
884 96
885 96
886 46
887 46
888 46
889 46
890 46
891 46
892 46
893 46
894 46
895 80
896 80
897 80
898 80
899 80
900 80
901 80
902 80
903 80
904 80
905 62
906 62
907 62
908 62
909 62
910 62
911 37
912 37
913 37
914 37
915 37
916 37
917 37
918 54
919 54
920 54
921 54
922 54
923 54
924 54
925 54
926 93
927 93
928 93
929 93
930 93
931 93
932 93
933 93
